50
919
25,13,57
39,41,91
28,38,50
35,22,54
36,19,22
39,26,49
22,40,3
46,10,86
26,9,43
45,29,53
29,5,58
16,45,5
0,23,20
25,9,54
10,45,55
32,7,3
46,3,55
26,29,51
29,25,56
8,5,30
2,21,70
37,21,21
10,47,45
6,7,98
21,42,73
13,24,17
46,20,50
40,46,11
44,25,20
27,34,6
17,36,77
2,24,28
11,34,55
29,41,65
43,13,29
41,26,97
47,23,74
6,13,94
46,7,99
10,35,45
30,2,38
22,5,38
35,16,11
46,45,12
14,38,51
24,30,73
9,27,37
14,34,45
16,30,99
44,40,6
6,21,97
6,43,91
38,25,50
37,39,7
0,14,6
40,23,11
4,38,75
31,4,8
16,49,79
37,6,48
11,12,40
40,42,82
35,30,32
26,18,3
6,19,23
15,10,40
2,14,79
23,45,81
24,12,96
30,11,40
37,1,44
24,37,46
37,13,6
39,19,78
6,35,82
47,38,6
26,11,46
43,2,25
34,20,73
27,45,96
1,32,43
43,22,16
5,28,25
26,25,80
12,2,54
44,12,55
30,38,31
35,23,92
40,0,77
33,2,73
17,1,23
30,28,42
30,41,15
42,35,76
40,3,20
24,38,12
27,29,92
27,13,7
8,4,12
12,22,86
45,2,60
3,33,41
13,26,72
16,7,26
34,32,42
12,45,4
3,8,98
47,3,46
32,20,41
31,7,98
3,23,11
29,7,14
44,33,45
39,0,84
47,13,53
10,17,37
46,14,56
35,33,1
7,15,88
7,47,44
23,1,90
47,30,94
3,25,71
19,14,12
21,11,76
20,22,26
27,18,51
37,4,7
4,12,89
42,19,17
38,42,52
7,39,19
34,42,63
45,11,9
6,33,96
23,31,99
29,19,11
18,23,39
23,16,27
25,4,21
28,11,30
12,46,73
21,41,40
45,48,68
29,30,9
37,3,50
13,32,96
43,1,50
36,24,48
48,49,37
3,28,6
47,40,100
34,12,89
33,7,84
16,37,14
3,24,3
22,38,2
10,31,73
22,18,48
29,18,36
20,3,10
36,3,47
48,7,34
14,30,11
12,40,35
12,13,2
37,14,34
11,48,55
6,48,73
11,2,37
25,36,29
8,26,22
22,13,83
5,38,92
49,6,94
9,31,66
24,6,76
46,6,26
47,20,70
40,29,32
47,2,6
18,5,42
38,10,57
35,36,42
32,35,53
30,45,89
18,19,44
42,15,5
16,13,32
5,4,9
20,1,41
49,19,62
3,7,77
46,43,26
34,26,35
28,7,90
34,17,71
23,34,44
32,39,30
21,10,49
12,9,84
9,13,76
16,10,14
10,44,52
39,22,32
7,10,48
16,33,36
38,16,6
15,38,43
44,0,50
42,10,19
48,26,59
48,36,63
24,25,35
15,46,38
0,1,95
0,17,17
10,11,78
30,3,93
8,0,91
46,24,35
6,31,12
42,46,14
38,37,9
17,37,94
13,38,98
47,49,72
32,29,47
27,44,52
48,2,50
40,5,17
13,48,91
32,36,13
13,4,68
46,18,17
21,26,87
37,25,21
4,32,81
18,37,47
43,33,46
37,29,20
20,25,93
1,31,95
13,2,70
19,40,54
28,44,41
35,40,14
49,8,88
9,38,35
12,25,13
33,45,57
21,47,40
8,11,58
22,30,14
32,44,79
27,43,54
9,4,67
11,14,32
45,26,71
10,9,48
49,31,65
20,39,86
44,11,51
8,22,28
16,5,48
16,32,15
23,42,74
26,3,29
18,49,25
36,9,86
49,9,100
33,24,51
37,32,63
6,16,48
8,39,77
14,16,52
30,20,61
36,20,64
49,15,5
37,2,66
12,17,61
3,31,14
48,15,22
43,45,1
47,32,4
11,5,91
6,5,50
25,43,33
27,41,19
47,17,94
5,21,74
29,20,68
18,10,65
0,28,34
47,31,93
49,10,77
39,12,59
49,42,93
45,49,33
8,18,19
31,14,70
35,24,97
7,14,42
1,13,21
42,33,63
30,33,78
40,41,50
30,15,77
48,28,75
33,14,62
25,21,53
29,38,39
8,30,50
36,10,76
20,12,39
20,43,95
33,23,35
34,31,26
19,17,50
37,0,23
46,47,15
22,26,25
44,1,72
45,36,86
47,27,92
8,10,98
6,44,95
35,13,93
24,0,74
14,47,87
13,14,85
43,9,91
10,20,40
39,18,35
12,26,53
9,33,77
30,6,10
45,6,30
17,49,83
35,12,33
39,21,86
0,43,100
22,49,99
49,38,45
24,31,62
36,6,86
39,44,35
23,7,12
43,30,4
26,28,43
45,28,16
3,19,63
28,6,32
43,29,24
4,3,61
40,28,18
42,25,9
33,32,13
19,10,40
0,4,43
40,38,5
9,11,28
11,18,71
14,20,18
46,13,45
35,46,79
19,16,52
9,17,3
30,7,94
24,16,29
32,21,90
19,23,25
33,38,13
2,20,68
42,30,57
19,5,82
7,38,46
18,7,33
42,41,65
45,24,86
0,31,1
21,3,29
9,46,14
4,46,16
15,16,59
5,23,64
16,42,72
1,34,89
25,22,40
33,18,66
12,18,48
31,40,86
0,49,34
49,3,85
9,41,7
9,18,87
27,2,5
18,15,99
41,46,75
17,46,88
39,46,48
43,12,47
3,35,76
38,44,47
45,21,73
21,40,93
15,31,3
7,43,30
29,46,41
45,34,41
16,1,94
16,17,9
11,0,21
43,47,57
47,4,60
21,33,46
31,29,92
36,8,32
29,9,38
27,20,73
14,23,21
24,14,32
43,35,56
8,17,73
9,3,29
39,16,49
22,47,76
40,4,51
32,42,59
22,36,31
0,16,82
30,39,11
30,37,51
14,17,48
47,37,28
18,0,67
6,0,26
41,31,25
3,2,1
20,33,74
5,47,21
8,12,66
4,41,89
36,21,1
13,18,24
44,36,85
38,27,54
30,13,85
11,27,28
29,21,31
48,41,41
17,3,40
18,45,41
21,49,36
7,2,79
41,38,32
37,27,100
25,7,36
34,18,27
12,48,5
26,46,83
33,13,40
25,31,52
6,3,20
24,39,37
27,14,63
43,49,47
37,11,64
9,21,87
18,47,73
29,49,51
36,47,74
31,21,32
4,49,35
34,30,96
33,10,24
23,32,10
38,6,87
18,14,37
9,34,66
41,2,25
19,26,39
20,45,47
36,23,68
43,42,28
1,19,39
4,20,42
13,40,21
3,10,44
31,45,37
33,25,96
42,17,40
28,14,33
40,18,96
48,35,55
0,48,50
28,36,62
7,12,23
10,41,55
43,32,99
46,38,74
43,24,95
16,12,1
29,17,90
35,14,77
26,37,22
1,10,18
45,22,86
2,39,15
25,2,22
46,28,40
43,28,43
19,34,72
37,12,1
37,28,3
47,25,46
5,26,67
7,40,75
7,9,54
22,15,82
46,19,1
34,6,29
44,5,40
26,7,49
15,25,3
17,48,35
41,44,11
24,5,92
34,44,81
39,13,37
15,35,74
30,12,61
7,36,68
18,25,59
12,41,28
30,21,73
12,6,81
48,25,93
4,24,41
16,36,81
24,49,50
20,37,100
1,47,59
9,48,61
19,21,31
48,32,68
27,4,96
43,34,18
35,45,40
31,18,17
22,17,68
19,44,95
4,21,71
36,29,4
21,8,6
16,47,49
13,41,85
49,11,36
37,15,77
31,2,70
49,7,68
3,29,31
1,15,81
12,49,49
9,8,57
9,20,40
14,39,66
16,43,84
0,26,74
21,38,84
30,48,61
8,24,72
27,33,32
7,20,40
3,5,18
45,13,63
30,36,67
5,25,50
18,2,43
29,15,63
19,20,11
30,18,8
44,13,58
19,37,33
2,40,44
45,19,3
42,20,5
17,33,82
15,2,35
14,25,23
14,48,13
15,19,89
27,8,90
14,22,29
43,39,42
44,4,7
23,21,78
10,14,32
27,40,12
35,19,84
32,15,35
11,17,91
45,39,92
26,16,56
20,16,53
26,15,66
18,6,75
43,38,84
1,45,57
27,6,96
7,1,39
36,33,60
38,11,60
20,38,59
17,23,48
0,36,97
25,1,28
46,30,37
14,1,77
35,26,97
49,20,65
18,21,54
39,29,98
3,39,61
24,41,50
39,25,50
29,33,90
0,41,97
4,10,70
36,41,88
17,45,25
8,6,88
35,29,93
1,36,98
15,4,53
3,18,49
18,43,50
1,8,65
43,44,16
24,32,76
43,8,38
21,34,98
15,39,1
0,13,15
14,36,8
41,19,97
20,40,59
22,28,60
9,42,1
6,17,12
31,35,99
42,0,47
49,25,39
25,27,37
23,10,89
33,1,58
16,48,100
44,2,7
0,22,72
35,8,57
4,19,2
0,3,81
11,23,70
28,29,97
48,24,95
28,25,27
1,46,98
13,31,50
24,42,5
6,47,51
34,5,49
23,43,65
34,15,54
42,44,47
7,22,69
38,35,91
21,46,58
48,18,76
41,37,49
1,42,8
28,47,51
37,46,8
45,42,1
4,34,98
49,35,50
28,1,43
18,38,50
29,24,58
14,4,81
7,0,51
47,12,87
31,32,60
8,46,69
17,31,23
11,29,11
39,9,89
30,40,58
28,2,81
36,2,64
38,2,32
28,34,70
10,13,61
21,22,25
42,18,66
20,13,70
31,12,6
14,29,58
29,0,14
36,42,53
42,13,83
30,25,73
19,47,72
0,9,7
44,30,85
16,34,83
45,8,82
32,22,96
37,36,77
30,49,85
43,41,94
46,0,55
31,33,91
38,26,60
26,6,17
7,34,38
28,19,77
19,0,33
32,38,25
31,27,94
32,41,40
28,12,5
15,33,11
4,29,25
47,41,63
3,45,3
31,16,60
49,32,98
0,35,75
33,19,70
43,17,85
37,48,93
20,18,50
17,41,61
25,0,96
14,42,43
25,11,60
30,31,61
26,36,37
31,22,97
9,28,57
22,4,54
28,49,33
6,20,57
15,28,3
48,4,28
29,42,5
6,2,84
35,20,64
19,12,6
2,1,94
0,20,77
23,38,97
5,43,33
20,15,26
6,4,12
35,47,62
18,32,77
16,11,8
27,19,29
34,47,85
14,3,85
36,43,18
16,40,82
16,2,58
2,23,62
18,36,30
40,1,32
40,17,26
48,23,97
34,13,72
11,22,89
42,22,46
24,1,82
47,42,72
44,9,41
38,19,44
17,25,42
19,8,70
35,25,20
5,45,17
12,33,79
30,1,16
3,1,26
15,14,70
46,44,48
40,33,50
44,17,62
45,40,92
35,11,33
39,47,31
26,33,13
29,22,77
33,0,40
36,5,37
22,34,38
39,40,54
23,22,10
31,11,1
8,48,19
48,38,83
5,10,58
44,21,4
23,49,26
23,28,29
24,27,68
46,34,27
30,23,34
49,46,49
24,26,90
16,8,33
38,39,91
47,24,69
14,43,67
44,22,5
26,4,99
31,38,13
0,30,71
24,17,27
4,18,16
22,1,90
48,40,100
18,41,88
12,10,20
7,24,61
19,7,45
13,29,81
36,31,95
47,29,87
13,49,35
38,0,11
13,17,58
23,12,30
7,17,25
31,5,47
45,47,66
32,28,92
39,36,96
1,38,74
4,42,67
23,39,88
38,3,46
11,42,48
14,9,86
29,34,29
5,13,65
14,40,34
0,27,1
36,27,87
28,8,85
1,5,18
4,30,3
43,19,23
42,39,70
48,22,87
43,10,91
6,42,61
35,2,88
25,46,75
27,10,73
3,22,87
29,48,61
13,11,100
28,20,51
41,45,91
17,35,67
15,44,73
4,2,84
13,8,29
9,47,28
5,48,42
12,1,51
24,21,18
44,35,16
43,40,6
28,24,28
36,15,72
42,48,64
23,44,69
0,5,98
21,14,84
0,2,95
37,35,76
14,12,4
20,17,53
17,15,31
44,29,80
15,41,53
39,28,90
5,12,21
34,24,97
3,12,4
22,24,21
47,48,79
44,26,75
39,1,32
21,17,25
18,16,78
19,13,49
4,16,69
2,19,82
28,13,80
21,0,87
17,28,62
4,45,74
40,26,15
49,36,57
1,29,22
45,7,85
48,39,71